
----------------------------------------------------------------------------------------------------
Started: 03/11/2020 20:37:12

Dataset   	avgTrainFull	avgTrainSub	minTestFull	avgTestFull	maxTestFull	minTestSub	avgTestSub	maxTestSub	AllFeature	SelectedFeature	BestIndividual                            
landsatImg	1           	0.998305   	0.942207   	0.949439   	0.95545    	0.36872   	0.37734   	0.384652  	14        	2              	[0, 0, 0, 0, 0, 0, 0, 1, 1, 0, 0, 0, 0, 0]

----------------------------------------------------------------------------------------------------
Started: 03/11/2020 20:41:10

Dataset   	avgTrainFull	avgTrainSub	minTestFull	avgTestFull	maxTestFull	minTestSub	avgTestSub	maxTestSub	AllFeature	SelectedFeature	BestIndividual                            
landsatImg	1           	1          	0.941734   	0.948018   	0.95782    	0.710427  	0.71895   	0.729384  	14        	3              	[0, 0, 1, 0, 0, 0, 0, 1, 0, 0, 0, 1, 0, 0]

----------------------------------------------------------------------------------------------------
Started: 03/11/2020 20:52:21

Dataset   	avgTrainFull	avgTrainSub	minTestFull	avgTestFull	maxTestFull	minTestSub	avgTestSub	maxTestSub	AllFeature	SelectedFeature	BestIndividual                            
landsatImg	1           	1          	0.939336   	0.94887    	0.958294   	0.682938  	0.694687  	0.717196  	14        	3              	[1, 0, 0, 0, 0, 0, 0, 1, 0, 0, 0, 0, 0, 1]

----------------------------------------------------------------------------------------------------
Started: 03/11/2020 22:18:48


----------------------------------------------------------------------------------------------------
Started: 03/11/2020 22:19:57


----------------------------------------------------------------------------------------------------
Started: 03/11/2020 22:21:16


----------------------------------------------------------------------------------------------------
Started: 03/11/2020 22:33:37


----------------------------------------------------------------------------------------------------
Started: 03/11/2020 23:07:20

Dataset   	avgTrainFull	avgTrainSub	minTestFull	avgTestFull	maxTestFull	minTestSub	avgTestSub	maxTestSub	AllFeature	SelectedFeature	BestIndividual                            
landsatImg	1           	0.906706   	0.94126    	0.950434   	0.963033   	0.218483  	0.233331  	0.245855  	14        	1              	[0, 0, 0, 0, 0, 0, 0, 0, 0, 1, 0, 0, 0, 0]
sat.all   	1           	0.854356   	0.828927   	0.859978   	0.888199   	0.388199  	0.416012  	0.44479   	36        	4              	[0, 0, 0, 0, 0, 0, 0, 0, 0, 0, 0, 0, 0, 0, 1, 0, 0, 0, 1, 0, 0, 0, 0, 0, 0, 0, 1, 0, 0, 0, 1, 0, 0, 0, 0, 0]
ulc       	1           	1          	0.720588   	0.783626   	0.838235   	0.597015  	0.644359  	0.705882  	147       	77             	[1, 1, 0, 0, 0, 0, 0, 0, 0, 1, 1, 1, 1, 0, 0, 0, 0, 1, 0, 0, 1, 1, 0, 1, 0, 0, 1, 0, 0, 0, 1, 1, 1, 1, 0, 1, 0, 0, 0, 0, 0, 1, 0, 1, 1, 1, 1, 0, 0, 0, 0, 1, 1, 0, 0, 0, 0, 1, 1, 0, 0, 1, 1, 1, 1, 0, 0, 1, 0, 0, 1, 1, 1, 1, 1, 0, 1, 0, 1, 1, 0, 0, 0, 0, 1, 0, 1, 0, 1, 1, 1, 1, 1, 1, 1, 0, 1, 1, 0, 0, 1, 1, 0, 1, 0, 1, 0, 0, 1, 1, 1, 1, 1, 1, 0, 1, 1, 1, 1, 0, 0, 1, 1, 0, 1, 1, 1, 0, 0, 1, 1, 0, 1, 1, 0, 0, 0, 0, 0, 0, 0, 1, 1, 1, 0, 1, 1]

----------------------------------------------------------------------------------------------------
Started: 04/11/2020 00:16:59

Dataset   	avgTrainFull	avgTrainSub	minTestFull	avgTestFull	maxTestFull	minTestSub	avgTestSub	maxTestSub	AllFeature	SelectedFeature	BestIndividual                            
landsatImg	1           	0.906706   	0.939365   	0.947828   	0.956872   	0.220379  	0.229825  	0.240758  	14        	1              	[0, 0, 0, 0, 0, 0, 0, 0, 0, 1, 0, 0, 0, 0]
sat.all   	1           	0.854338   	0.846034   	0.858117   	0.877329   	0.399689  	0.417251  	0.438569  	36        	4              	[0, 0, 0, 0, 0, 0, 0, 0, 0, 0, 0, 0, 0, 0, 1, 0, 0, 0, 1, 0, 0, 0, 0, 0, 0, 0, 1, 0, 0, 0, 1, 0, 0, 0, 0, 0]
ulc       	1           	1          	0.746269   	0.783604   	0.808824   	0.544118  	0.653468  	0.735294  	147       	59             	[0, 0, 0, 0, 1, 1, 0, 0, 0, 0, 1, 1, 0, 1, 1, 1, 0, 1, 0, 0, 0, 0, 1, 1, 0, 1, 1, 0, 0, 0, 1, 1, 1, 0, 0, 0, 0, 0, 0, 0, 0, 1, 0, 0, 0, 0, 0, 0, 0, 0, 0, 1, 0, 0, 1, 0, 1, 0, 0, 0, 0, 0, 1, 0, 0, 0, 1, 1, 1, 0, 1, 0, 0, 0, 1, 0, 1, 1, 1, 1, 1, 0, 0, 0, 1, 0, 0, 0, 0, 1, 0, 0, 0, 1, 1, 1, 1, 0, 0, 1, 1, 0, 0, 0, 1, 1, 0, 0, 1, 0, 0, 0, 1, 0, 0, 0, 1, 0, 0, 1, 1, 1, 0, 0, 0, 1, 0, 1, 0, 1, 1, 0, 0, 0, 1, 0, 0, 1, 1, 1, 1, 1, 1, 0, 0, 1, 1]

----------------------------------------------------------------------------------------------------
Started: 04/11/2020 16:35:53

Dataset	avgTrainFull	avgTrainSub	minTestFull	avgTestFull	maxTestFull	minTestSub	avgTestSub	maxTestSub	AllFeature	SelectedFeature	BestIndividual                                                                                              
sat.all	1           	0.999862   	0.836703   	0.857962   	0.875776   	0.785381  	0.805125  	0.832298  	36        	10             	[1, 0, 1, 0, 0, 0, 1, 1, 0, 0, 0, 0, 0, 0, 0, 1, 0, 0, 0, 1, 0, 0, 0, 1, 1, 0, 1, 0, 0, 0, 0, 0, 0, 0, 1, 0]

----------------------------------------------------------------------------------------------------
Started: 04/11/2020 17:06:13

Dataset	avgTrainFull	avgTrainSub	minTestFull	avgTestFull	maxTestFull	minTestSub	avgTestSub	maxTestSub	AllFeature	SelectedFeature	BestIndividual                                                                                                                                                                                  
sat.all	1           	1          	0.844479   	0.860602   	0.889752   	0.804348  	0.826577  	0.866252  	36        	14             	array('d', [0.0, 0.0, 0.0, 1.0, 0.0, 0.0, 1.0, 0.0, 0.0, 0.0, 1.0, 1.0, 1.0, 0.0, 0.0, 0.0, 1.0, 0.0, 0.0, 0.0, 1.0, 0.0, 0.0, 0.0, 1.0, 1.0, 1.0, 1.0, 1.0, 0.0, 1.0, 1.0, 0.0, 0.0, 0.0, 0.0])

----------------------------------------------------------------------------------------------------
Started: 04/11/2020 17:14:47

Dataset	avgTrainFull	avgTrainSub	minTestFull	avgTestFull	maxTestFull	minTestSub	avgTestSub	maxTestSub	AllFeature	SelectedFeature	BestIndividual                                                                                                                                                                                  
sat.all	1           	1          	0.835404   	0.857504   	0.883359   	0.822981  	0.859988  	0.880249  	36        	35             	array('d', [1.0, 1.0, 1.0, 1.0, 1.0, 1.0, 1.0, 1.0, 1.0, 1.0, 1.0, 1.0, 1.0, 1.0, 1.0, 1.0, 0.0, 1.0, 1.0, 1.0, 1.0, 1.0, 1.0, 1.0, 1.0, 1.0, 1.0, 1.0, 1.0, 1.0, 1.0, 1.0, 1.0, 1.0, 1.0, 1.0])

----------------------------------------------------------------------------------------------------
Started: 04/11/2020 20:03:11

Dataset          	avgTrainFull	avgTrainSub	minTestFull	avgTestFull	maxTestFull	minTestSub	avgTestSub	maxTestSub	AllFeature	SelectedFeature	BestIndividual                                                                    
Landsat7neighbour	1           	1          	0.97628    	0.984396   	0.991261   	0.981297  	0.985271  	0.991261  	14        	14             	array('d', [1.0, 1.0, 1.0, 1.0, 1.0, 1.0, 1.0, 1.0, 1.0, 1.0, 1.0, 1.0, 1.0, 1.0])
landsatImg       	1           	1          	0.941706   	0.947306   	0.954028   	0.934123  	0.946169  	0.952629  	14        	14             	array('d', [1.0, 1.0, 1.0, 1.0, 1.0, 1.0, 1.0, 1.0, 1.0, 1.0, 1.0, 1.0, 1.0, 1.0])
ulc              	1           	1          	0.647059   	0.763016   	0.910448   	0.701493  	0.765935  	0.850746  	147       	117            	array('d', [1.0, 1.0, 1.0, 1.0, 1.0, 1.0, 1.0, 1.0, 0.0, 1.0, 1.0, 1.0, 1.0, 1.0, 1.0, 1.0, 1.0, 0.0, 0.0, 1.0, 1.0, 1.0, 0.0, 0.0, 1.0, 1.0, 0.0, 1.0, 0.0, 1.0, 1.0, 1.0, 1.0, 1.0, 0.0, 1.0, 1.0, 1.0, 1.0, 0.0, 1.0, 0.0, 1.0, 1.0, 1.0, 0.0, 1.0, 1.0, 0.0, 1.0, 1.0, 1.0, 1.0, 1.0, 1.0, 1.0, 1.0, 1.0, 1.0, 1.0, 1.0, 1.0, 1.0, 1.0, 1.0, 1.0, 1.0, 0.0, 0.0, 0.0, 1.0, 1.0, 1.0, 1.0, 1.0, 0.0, 1.0, 0.0, 1.0, 1.0, 1.0, 1.0, 1.0, 1.0, 1.0, 1.0, 1.0, 1.0, 1.0, 1.0, 1.0, 1.0, 0.0, 1.0, 0.0, 1.0, 1.0, 0.0, 1.0, 1.0, 1.0, 1.0, 0.0, 0.0, 1.0, 1.0, 0.0, 1.0, 0.0, 0.0, 1.0, 1.0, 1.0, 1.0, 0.0, 1.0, 1.0, 1.0, 1.0, 1.0, 0.0, 1.0, 1.0, 1.0, 1.0, 1.0, 1.0, 1.0, 1.0, 1.0, 1.0, 1.0, 1.0, 1.0, 1.0, 1.0, 1.0, 1.0, 1.0, 0.0, 0.0, 1.0, 0.0, 1.0, 1.0, 1.0, 1.0])
